BAL 26 25 95 158 124 12
CIN 0 0 0 251 79 20
CLE 49 29 0 255 50 0
PIT 16 24 32 255 182 18
BUF 0 51 141 198 12 48
MIA 0 142 151 245 130 32
NE 0 34 58 198 12 48
NYJ 18 87 64 0 0 0
HOU 3 32 47 167 25 48
IND 0 44 95 162 170 173
JAX 0 103 120 16 24 32
TEN 12 35 64 75 146 219
DEN 251 79 20 0 34 68
KC 227 24 55 255 184 28
LV 0 0 0 165 172 175
LAC 0 128 198 255 194 14
CHI 11 22 42 200 56 3
DET 0 118 182 176 183 188
GB 24 48 40 255 198 47
MIN 79 38 131 255 198 47
DAL 0 34 68 134 147 151
NYG 1 35 82 250 250 250
PHI 0 76 84 250 250 250
WAS 90 20 20 255 182 18
ATL 167 25 48 0 0 0
CAR 0 133 202 16 24 32
NO 16 24 31 211 188 141
TB 52 48 43 213 10 10
ARI 151 35 63 0 0 0
LAR 0 53 148 255 163 0
SF 170 0 0 173 153 93
SEA 0 34 68 105 190 40